# Made in Blockbench 4.2.2
mtllib netherite_diamond_sword.mtl

o cube
v 0.1790430117838041 0.22345844114996627 0.45335572811836333
v 0.08758728197785899 0.24406668539013388 0.45289501671243704
v 0.15843209251155072 0.13200406781903784 0.4539474251690649
v 0.06697636270560559 0.15261231205920545 0.4534867137631386
v 0.08726791946502323 0.2447451896161743 0.5466420174089961
v 0.17872364927096834 0.2241369453760067 0.5471027288149224
v 0.06665700019276982 0.15329081628524588 0.5472337144596976
v 0.15811272999871495 0.13268257204507827 0.5476944258656239
vt 0.5625 0.65625
vt 0.578125 0.65625
vt 0.578125 0.640625
vt 0.5625 0.640625
vt 0.5625 0.625
vt 0.578125 0.625
vt 0.578125 0.609375
vt 0.5625 0.609375
vt 0.40625 0.4375
vt 0.421875 0.4375
vt 0.421875 0.421875
vt 0.40625 0.421875
vt 0.5625 0.59375
vt 0.578125 0.59375
vt 0.578125 0.578125
vt 0.5625 0.578125
vt 0.453125 0.421875
vt 0.4375 0.421875
vt 0.4375 0.4375
vt 0.453125 0.4375
vt 0.578125 0.5625
vt 0.5625 0.5625
vt 0.5625 0.546875
vt 0.578125 0.546875
vn -0.9755277845967485 0.21982127189512093 -0.004914254996546868
vn 0.0034065334702480907 -0.007237378411097792 -0.9999680074299631
vn 0.9755277845967485 -0.21982127189512093 0.004914254996546868
vn -0.0034065334702480907 0.007237378411097792 0.9999680074299631
vn 0.21984980557070274 0.9755133155299041 -0.006311435207483241
vn -0.21984980557070274 -0.9755133155299041 0.006311435207483241
usemtl m_0
f 4/4/1 7/3/1 5/2/1 2/1/1
f 3/8/2 4/7/2 2/6/2 1/5/2
f 8/12/3 3/11/3 1/10/3 6/9/3
f 7/16/4 8/15/4 6/14/4 5/13/4
f 6/20/5 1/19/5 2/18/5 5/17/5
f 7/24/6 4/23/6 3/22/6 8/21/6
o cube
v 0.12300968724470487 0.1880353766045858 0.45342122094075094
v 0.03155395743875969 0.2086436208447534 0.4529605095348247
v 0.10239876797245148 0.09658100327365737 0.4540129179914525
v 0.010943038166506297 0.11718924751382498 0.45355220658552625
v 0.031234594925923925 0.20932212507079384 0.5467075102313836
v 0.12269032473186911 0.18871388083062623 0.5471682216373099
v 0.010623675653670533 0.11786775173986541 0.5472992072820853
v 0.10207940545961572 0.0972595074996978 0.5477599186880115
vt 0.46875 0.4375
vt 0.484375 0.4375
vt 0.484375 0.421875
vt 0.46875 0.421875
vt 0.5625 0.53125
vt 0.578125 0.53125
vt 0.578125 0.515625
vt 0.5625 0.515625
vt 0.5 0.4375
vt 0.515625 0.4375
vt 0.515625 0.421875
vt 0.5 0.421875
vt 0.5625 0.5
vt 0.578125 0.5
vt 0.578125 0.484375
vt 0.5625 0.484375
vt 0.546875 0.421875
vt 0.53125 0.421875
vt 0.53125 0.4375
vt 0.546875 0.4375
vt 0.578125 0.46875
vt 0.5625 0.46875
vt 0.5625 0.453125
vt 0.578125 0.453125
vn -0.9755277845967485 0.21982127189512093 -0.004914254996546868
vn 0.0034065334702480907 -0.007237378411097792 -0.9999680074299631
vn 0.9755277845967485 -0.21982127189512093 0.004914254996546868
vn -0.0034065334702480907 0.007237378411097792 0.9999680074299631
vn 0.21984980557070274 0.9755133155299041 -0.006311435207483241
vn -0.21984980557070274 -0.9755133155299041 0.006311435207483241
usemtl m_0
f 12/28/7 15/27/7 13/26/7 10/25/7
f 11/32/8 12/31/8 10/30/8 9/29/8
f 16/36/9 11/35/9 9/34/9 14/33/9
f 15/40/10 16/39/10 14/38/10 13/37/10
f 14/44/11 9/43/11 10/42/11 13/41/11
f 15/48/12 12/47/12 11/46/12 16/45/12
o cube
v 0.06705620333381454 0.15244268600269528 0.43004996358899883
v -0.07012739137510321 0.18335505236294658 0.42935889648010944
v 0.03613982442543448 0.015261126006302472 0.43093750916505114
v -0.10104377028348327 0.04617349236655377 0.43024644205616175
v -0.07060643514435688 0.18437280870200723 0.569979397524948
v 0.06657715956456087 0.15346044234175593 0.5706704646338374
v -0.10152281405273694 0.04719124870561442 0.5708669431010003
v 0.03566078065618081 0.01627888234536312 0.5715580102098896
vt 0 1
vt 0.03125 1
vt 0.03125 0.96875
vt 0 0.96875
vt 0 0.953125
vt 0.03125 0.953125
vt 0.03125 0.921875
vt 0 0.921875
vt 0.046875 1
vt 0.078125 1
vt 0.078125 0.96875
vt 0.046875 0.96875
vt 0.046875 0.953125
vt 0.078125 0.953125
vt 0.078125 0.921875
vt 0.046875 0.921875
vt 0.03125 0.875
vt 0 0.875
vt 0 0.90625
vt 0.03125 0.90625
vt 0.125 1
vt 0.09375 1
vt 0.09375 0.96875
vt 0.125 0.96875
vn -0.9755277845967485 0.21982127189512093 -0.004914254996546868
vn 0.0034065334702480907 -0.007237378411097792 -0.9999680074299631
vn 0.9755277845967485 -0.21982127189512093 0.004914254996546868
vn -0.0034065334702480907 0.007237378411097792 0.9999680074299631
vn 0.21984980557070274 0.9755133155299041 -0.006311435207483241
vn -0.21984980557070274 -0.9755133155299041 0.006311435207483241
usemtl m_0
f 20/52/13 23/51/13 21/50/13 18/49/13
f 19/56/14 20/55/14 18/54/14 17/53/14
f 24/60/15 19/59/15 17/58/15 22/57/15
f 23/64/16 24/63/16 22/62/16 21/61/16
f 22/68/17 17/67/17 18/66/17 21/65/17
f 23/72/18 20/71/18 19/70/18 24/69/18
o cube
v 0.03856161796150209 0.1357496185303565 0.5707032097351747
v -0.05289411184444308 0.156357862770524 0.5702424983292484
v 0.01795069868924873 0.04429524519942818 0.5712949067858764
v -0.07350503111669644 0.06490348943959567 0.5708341953799501
v -0.052973952472652006 0.15652748882703416 0.5936792485033883
v 0.038481777333293166 0.13591924458686655 0.5941399599093145
v -0.07358487174490537 0.06507311549610584 0.5942709455540898
v 0.0178708580610398 0.04446487125593823 0.5947316569600161
vt 0.5625 0.4375
vt 0.578125 0.4375
vt 0.578125 0.421875
vt 0.5625 0.421875
vt 0.375 0.421875
vt 0.390625 0.421875
vt 0.390625 0.40625
vt 0.375 0.40625
vt 0 0.40625
vt 0.015625 0.40625
vt 0.015625 0.390625
vt 0 0.390625
vt 0.59375 1
vt 0.609375 1
vt 0.609375 0.984375
vt 0.59375 0.984375
vt 0.046875 0.390625
vt 0.03125 0.390625
vt 0.03125 0.40625
vt 0.046875 0.40625
vt 0.609375 0.96875
vt 0.59375 0.96875
vt 0.59375 0.953125
vt 0.609375 0.953125
vn -0.9755277845967485 0.21982127189512093 -0.004914254996546868
vn 0.0034065334702480907 -0.007237378411097792 -0.9999680074299631
vn 0.9755277845967485 -0.21982127189512093 0.004914254996546868
vn -0.0034065334702480907 0.007237378411097792 0.9999680074299631
vn 0.21984980557070274 0.9755133155299041 -0.006311435207483241
vn -0.21984980557070274 -0.9755133155299041 0.006311435207483241
usemtl m_0
f 28/76/19 31/75/19 29/74/19 26/73/19
f 27/80/20 28/79/20 26/78/20 25/77/20
f 32/84/21 27/83/21 25/82/21 30/81/21
f 31/88/22 32/87/22 30/86/22 29/85/22
f 30/92/23 25/91/23 26/90/23 29/89/23
f 31/96/24 28/95/24 27/94/24 32/93/24
o cube
v 0.03912050235896469 0.13456223613478557 0.40664595851619634
v -0.05233522744698048 0.15517048037495318 0.4061852471102701
v 0.01850958308671133 0.043107862803857255 0.4072376555668979
v -0.07294614671923384 0.06371610704402486 0.40677694416097165
v -0.052415068075189405 0.15534010643146334 0.42962199728440986
v 0.039040661730755766 0.13473186219129585 0.4300827086903361
v -0.07302598734744277 0.06388573310053502 0.4302136943351114
v 0.0184297424585024 0.04327748886036753 0.43067440574103766
vt 0.0625 0.40625
vt 0.078125 0.40625
vt 0.078125 0.390625
vt 0.0625 0.390625
vt 0.59375 0.9375
vt 0.609375 0.9375
vt 0.609375 0.921875
vt 0.59375 0.921875
vt 0.09375 0.40625
vt 0.109375 0.40625
vt 0.109375 0.390625
vt 0.09375 0.390625
vt 0.59375 0.90625
vt 0.609375 0.90625
vt 0.609375 0.890625
vt 0.59375 0.890625
vt 0.140625 0.390625
vt 0.125 0.390625
vt 0.125 0.40625
vt 0.140625 0.40625
vt 0.609375 0.875
vt 0.59375 0.875
vt 0.59375 0.859375
vt 0.609375 0.859375
vn -0.9755277845967485 0.21982127189512093 -0.004914254996546868
vn 0.0034065334702480907 -0.007237378411097792 -0.9999680074299631
vn 0.9755277845967485 -0.21982127189512093 0.004914254996546868
vn -0.0034065334702480907 0.007237378411097792 0.9999680074299631
vn 0.21984980557070274 0.9755133155299041 -0.006311435207483241
vn -0.21984980557070274 -0.9755133155299041 0.006311435207483241
usemtl m_0
f 36/100/25 39/99/25 37/98/25 34/97/25
f 35/104/26 36/103/26 34/102/26 33/101/26
f 40/108/27 35/107/27 33/106/27 38/105/27
f 39/112/28 40/111/28 38/110/28 37/109/28
f 38/116/29 33/115/29 34/114/29 37/113/29
f 39/120/30 36/119/30 35/118/30 40/117/30
o cube
v 0.23507633632290342 0.25888150569534674 0.4532902352959756
v 0.1436206065169583 0.27948974993551434 0.4528295238900494
v 0.21446541705065 0.1674271323644182 0.4538819323466772
v 0.12300968724470487 0.1880353766045858 0.45342122094075094
v 0.14330124400412253 0.2801682541615548 0.5465765245866083
v 0.23475697381006766 0.25956000992138717 0.5470372359925346
v 0.12269032473186911 0.18871388083062623 0.5471682216373099
v 0.21414605453781424 0.16810563659045863 0.5476289330432362
vt 0.15625 0.40625
vt 0.171875 0.40625
vt 0.171875 0.390625
vt 0.15625 0.390625
vt 0.59375 0.84375
vt 0.609375 0.84375
vt 0.609375 0.828125
vt 0.59375 0.828125
vt 0.21875 0.40625
vt 0.234375 0.40625
vt 0.234375 0.390625
vt 0.21875 0.390625
vt 0.59375 0.78125
vt 0.609375 0.78125
vt 0.609375 0.765625
vt 0.59375 0.765625
vt 0.3125 0.390625
vt 0.296875 0.390625
vt 0.296875 0.40625
vt 0.3125 0.40625
vt 0.609375 0.703125
vt 0.59375 0.703125
vt 0.59375 0.6875
vt 0.609375 0.6875
vn -0.9755277845967485 0.21982127189512093 -0.004914254996546868
vn 0.0034065334702480907 -0.007237378411097792 -0.9999680074299631
vn 0.9755277845967485 -0.21982127189512093 0.004914254996546868
vn -0.0034065334702480907 0.007237378411097792 0.9999680074299631
vn 0.21984980557070274 0.9755133155299041 -0.006311435207483241
vn -0.21984980557070274 -0.9755133155299041 0.006311435207483241
usemtl m_0
f 44/124/31 47/123/31 45/122/31 42/121/31
f 43/128/32 44/127/32 42/126/32 41/125/32
f 48/132/33 43/131/33 41/130/33 46/129/33
f 47/136/34 48/135/34 46/134/34 45/133/34
f 46/140/35 41/139/35 42/138/35 45/137/35
f 47/144/36 44/143/36 43/142/36 48/141/36
o cube
v 0.2911096608620027 0.2943045702407272 0.453224742473588
v 0.1996539310560575 0.3149128144808948 0.4527640310676618
v 0.2704987415897493 0.20285019690979877 0.45381643952428957
v 0.1790430117838041 0.22345844114996627 0.45335572811836333
v 0.19933456854322174 0.31559131870693513 0.5465110317642208
v 0.2907902983491669 0.2949830744667675 0.5469717431701471
v 0.17872364927096834 0.2241369453760067 0.5471027288149224
v 0.27017937907691353 0.2035287011358392 0.5475634402208486
vt 0.59375 0.671875
vt 0.609375 0.671875
vt 0.609375 0.65625
vt 0.59375 0.65625
vt 0.59375 0.640625
vt 0.609375 0.640625
vt 0.609375 0.625
vt 0.59375 0.625
vt 0.59375 0.609375
vt 0.609375 0.609375
vt 0.609375 0.59375
vt 0.59375 0.59375
vt 0.40625 0.40625
vt 0.421875 0.40625
vt 0.421875 0.390625
vt 0.40625 0.390625
vt 0.609375 0.5625
vt 0.59375 0.5625
vt 0.59375 0.578125
vt 0.609375 0.578125
vt 0.453125 0.40625
vt 0.4375 0.40625
vt 0.4375 0.390625
vt 0.453125 0.390625
vn -0.9755277845967485 0.21982127189512093 -0.004914254996546868
vn 0.0034065334702480907 -0.007237378411097792 -0.9999680074299631
vn 0.9755277845967485 -0.21982127189512093 0.004914254996546868
vn -0.0034065334702480907 0.007237378411097792 0.9999680074299631
vn 0.21984980557070274 0.9755133155299041 -0.006311435207483241
vn -0.21984980557070274 -0.9755133155299041 0.006311435207483241
usemtl m_0
f 52/148/37 55/147/37 53/146/37 50/145/37
f 51/152/38 52/151/38 50/150/38 49/149/38
f 56/156/39 51/155/39 49/154/39 54/153/39
f 55/160/40 56/159/40 54/158/40 53/157/40
f 54/164/41 49/163/41 50/162/41 53/161/41
f 55/168/42 52/167/42 51/166/42 56/165/42
o cube
v 0.4590699133799349 0.4008706094757613 0.49404257681116953
v 0.32188631867101714 0.43178297583601266 0.49335150970228014
v 0.42815353447155485 0.26368904947936855 0.4949301223872219
v 0.2909699397626371 0.29460141583961996 0.4942390552783325
v 0.32184639835691264 0.4318677888642677 0.50506988478935
v 0.4590299930658305 0.40095542250401633 0.5057609518982393
v 0.2909300194485326 0.2946862288678749 0.5059574303654024
v 0.42811361415745036 0.2637738625076236 0.5066484974742917
vt 0.375 0.84375
vt 0.390625 0.84375
vt 0.390625 0.8125
vt 0.375 0.8125
vt 0.046875 0.90625
vt 0.078125 0.90625
vt 0.078125 0.875
vt 0.046875 0.875
vt 0.1875 0.625
vt 0.203125 0.625
vt 0.203125 0.59375
vt 0.1875 0.59375
vt 0.09375 0.953125
vt 0.125 0.953125
vt 0.125 0.921875
vt 0.09375 0.921875
vt 0.390625 0.765625
vt 0.375 0.765625
vt 0.375 0.796875
vt 0.390625 0.796875
vt 0.234375 0.625
vt 0.21875 0.625
vt 0.21875 0.59375
vt 0.234375 0.59375
vn -0.9755277845967485 0.21982127189512093 -0.004914254996546868
vn 0.0034065334702480907 -0.007237378411097792 -0.9999680074299631
vn 0.9755277845967485 -0.21982127189512093 0.004914254996546868
vn -0.0034065334702480907 0.007237378411097792 0.9999680074299631
vn 0.21984980557070274 0.9755133155299041 -0.006311435207483241
vn -0.21984980557070274 -0.9755133155299041 0.006311435207483241
usemtl m_0
f 60/172/43 63/171/43 61/170/43 58/169/43
f 59/176/44 60/175/44 58/174/44 57/173/44
f 64/180/45 59/179/45 57/178/45 62/177/45
f 63/184/46 64/183/46 62/182/46 61/181/46
f 62/188/47 57/187/47 58/186/47 61/185/47
f 63/192/48 60/191/48 59/190/48 64/189/48
o cube
v 0.48708769631597526 0.4185828502097424 0.4940098290901192
v 0.34990410160705754 0.44949521656999375 0.4933187619812298
v 0.4561713174075952 0.2814012902133496 0.49489737466617156
v 0.3189877226986775 0.312313656573601 0.4942063075572822
v 0.34986418129295305 0.4495800295982488 0.5050371370682997
v 0.4870477760018709 0.4186676632379974 0.5057282041771891
v 0.318947802384573 0.312398469601856 0.505924682644352
v 0.45613139709349076 0.2814861032416047 0.5066157497532414
vt 0.25 0.625
vt 0.265625 0.625
vt 0.265625 0.59375
vt 0.25 0.59375
vt 0.09375 0.90625
vt 0.125 0.90625
vt 0.125 0.875
vt 0.09375 0.875
vt 0.375 0.75
vt 0.390625 0.75
vt 0.390625 0.71875
vt 0.375 0.71875
vt 0 0.859375
vt 0.03125 0.859375
vt 0.03125 0.828125
vt 0 0.828125
vt 0.296875 0.59375
vt 0.28125 0.59375
vt 0.28125 0.625
vt 0.296875 0.625
vt 0.390625 0.703125
vt 0.375 0.703125
vt 0.375 0.671875
vt 0.390625 0.671875
vn -0.9755277845967485 0.21982127189512093 -0.004914254996546868
vn 0.0034065334702480907 -0.007237378411097792 -0.9999680074299631
vn 0.9755277845967485 -0.21982127189512093 0.004914254996546868
vn -0.0034065334702480907 0.007237378411097792 0.9999680074299631
vn 0.21984980557070274 0.9755133155299041 -0.006311435207483241
vn -0.21984980557070274 -0.9755133155299041 0.006311435207483241
usemtl m_0
f 68/196/49 71/195/49 69/194/49 66/193/49
f 67/200/50 68/199/50 66/198/50 65/197/50
f 72/204/51 67/203/51 65/202/51 70/201/51
f 71/208/52 72/207/52 70/206/52 69/205/52
f 70/212/53 65/211/53 66/210/53 69/209/53
f 71/216/54 68/215/54 67/214/54 72/213/54
o cube
v 0.5140738126219122 0.4317216638158862 0.4940066675314605
v 0.3768902179129945 0.4626340301761376 0.4933156004225711
v 0.48315743371353215 0.29454010381949347 0.4948942131075128
v 0.3459738390046144 0.3254524701797449 0.4942031459986234
v 0.37685029759889 0.4627188432043926 0.5050339755096409
v 0.5140338923078077 0.43180647684414125 0.5057250426185304
v 0.34593391869050993 0.3255372832079999 0.5059215210856933
v 0.48311751339942766 0.2946249168477485 0.5066125881945827
vt 0.3125 0.625
vt 0.328125 0.625
vt 0.328125 0.59375
vt 0.3125 0.59375
vt 0.140625 1
vt 0.171875 1
vt 0.171875 0.96875
vt 0.140625 0.96875
vt 0.34375 0.625
vt 0.359375 0.625
vt 0.359375 0.59375
vt 0.34375 0.59375
vt 0.046875 0.859375
vt 0.078125 0.859375
vt 0.078125 0.828125
vt 0.046875 0.828125
vt 0.390625 0.625
vt 0.375 0.625
vt 0.375 0.65625
vt 0.390625 0.65625
vt 0.390625 0.609375
vt 0.375 0.609375
vt 0.375 0.578125
vt 0.390625 0.578125
vn -0.9755277845967485 0.21982127189512093 -0.004914254996546868
vn 0.0034065334702480907 -0.007237378411097792 -0.9999680074299631
vn 0.9755277845967485 -0.21982127189512093 0.004914254996546868
vn -0.0034065334702480907 0.007237378411097792 0.9999680074299631
vn 0.21984980557070274 0.9755133155299041 -0.006311435207483241
vn -0.21984980557070274 -0.9755133155299041 0.006311435207483241
usemtl m_0
f 76/220/55 79/219/55 77/218/55 74/217/55
f 75/224/56 76/223/56 74/222/56 73/221/56
f 80/228/57 75/227/57 73/226/57 78/225/57
f 79/232/58 80/231/58 78/230/58 77/229/58
f 78/236/59 73/235/59 74/234/59 77/233/59
f 79/240/60 76/239/60 75/238/60 80/237/60
o cube
v 0.5418039831135777 0.44816198029927645 0.4939821457092714
v 0.40462038840465986 0.4790743466595278 0.493291078600382
v 0.5108876042051976 0.31098042030288386 0.49486969128532377
v 0.37370400949627974 0.3418927866631353 0.4941786241764344
v 0.40458046809055537 0.47915915968778283 0.5050094536874519
v 0.5417640627994732 0.4482467933275315 0.5057005207963412
v 0.3736640891821753 0.3419775996913903 0.5058969992635043
v 0.5108476838910931 0.3110652333311389 0.5065880663723936
vt 0.40625 1
vt 0.421875 1
vt 0.421875 0.96875
vt 0.40625 0.96875
vt 0.140625 0.953125
vt 0.171875 0.953125
vt 0.171875 0.921875
vt 0.140625 0.921875
vt 0.40625 0.953125
vt 0.421875 0.953125
vt 0.421875 0.921875
vt 0.40625 0.921875
vt 0.09375 0.859375
vt 0.125 0.859375
vt 0.125 0.828125
vt 0.09375 0.828125
vt 0.421875 0.875
vt 0.40625 0.875
vt 0.40625 0.90625
vt 0.421875 0.90625
vt 0.421875 0.859375
vt 0.40625 0.859375
vt 0.40625 0.828125
vt 0.421875 0.828125
vn -0.9755277845967485 0.21982127189512093 -0.004914254996546868
vn 0.0034065334702480907 -0.007237378411097792 -0.9999680074299631
vn 0.9755277845967485 -0.21982127189512093 0.004914254996546868
vn -0.0034065334702480907 0.007237378411097792 0.9999680074299631
vn 0.21984980557070274 0.9755133155299041 -0.006311435207483241
vn -0.21984980557070274 -0.9755133155299041 0.006311435207483241
usemtl m_0
f 84/244/61 87/243/61 85/242/61 82/241/61
f 83/248/62 84/247/62 82/246/62 81/245/62
f 88/252/63 83/251/63 81/250/63 86/249/63
f 87/256/64 88/255/64 86/254/64 85/253/64
f 86/260/65 81/259/65 82/258/65 85/257/65
f 87/264/66 84/263/66 83/262/66 88/261/66
o cube
v 0.5698206453831274 0.4658735125719667 0.49394939929807763
v 0.4326370506742094 0.49678587893221804 0.49325833218918824
v 0.5389042664747473 0.32869195257557404 0.49483694487412994
v 0.4017206717658293 0.35960431893582545 0.49414587776524055
v 0.43259713036010494 0.4968706919604731 0.5049767072762581
v 0.5697807250690229 0.46595832560022177 0.5056677743851474
v 0.4016807514517249 0.3596891319640805 0.5058642528523104
v 0.5388643461606428 0.32877676560382907 0.5065553199611998
vt 0.40625 0.8125
vt 0.421875 0.8125
vt 0.421875 0.78125
vt 0.40625 0.78125
vt 0.140625 0.90625
vt 0.171875 0.90625
vt 0.171875 0.875
vt 0.140625 0.875
vt 0.40625 0.765625
vt 0.421875 0.765625
vt 0.421875 0.734375
vt 0.40625 0.734375
vt 0.140625 0.859375
vt 0.171875 0.859375
vt 0.171875 0.828125
vt 0.140625 0.828125
vt 0.421875 0.6875
vt 0.40625 0.6875
vt 0.40625 0.71875
vt 0.421875 0.71875
vt 0.421875 0.671875
vt 0.40625 0.671875
vt 0.40625 0.640625
vt 0.421875 0.640625
vn -0.9755277845967485 0.21982127189512093 -0.004914254996546868
vn 0.0034065334702480907 -0.007237378411097792 -0.9999680074299631
vn 0.9755277845967485 -0.21982127189512093 0.004914254996546868
vn -0.0034065334702480907 0.007237378411097792 0.9999680074299631
vn 0.21984980557070274 0.9755133155299041 -0.006311435207483241
vn -0.21984980557070274 -0.9755133155299041 0.006311435207483241
usemtl m_0
f 92/268/67 95/267/67 93/266/67 90/265/67
f 91/272/68 92/271/68 90/270/68 89/269/68
f 96/276/69 91/275/69 89/274/69 94/273/69
f 95/280/70 96/279/70 94/278/70 93/277/70
f 94/284/71 89/283/71 90/282/71 93/281/71
f 95/288/72 92/287/72 91/286/72 96/285/72
o cube
v 0.6258539699222265 0.5012965771173472 0.49388390647568997
v 0.4886703752133087 0.5322089434775985 0.4931928393668006
v 0.5949375910138465 0.3641150171209544 0.49477145205174233
v 0.45775399630492863 0.3950273834812058 0.49408038494285295
v 0.4886304548992043 0.5322937565058536 0.5049112144538704
v 0.625814049608122 0.5013813901456022 0.5056022815627599
v 0.45771407599082414 0.39511219650946083 0.5057987600299227
v 0.594897670699742 0.3641998301492094 0.5064898271388122
vt 0.40625 0.625
vt 0.421875 0.625
vt 0.421875 0.59375
vt 0.40625 0.59375
vt 0 0.8125
vt 0.03125 0.8125
vt 0.03125 0.78125
vt 0 0.78125
vt 0.1875 0.578125
vt 0.203125 0.578125
vt 0.203125 0.546875
vt 0.1875 0.546875
vt 0.1875 1
vt 0.21875 1
vt 0.21875 0.96875
vt 0.1875 0.96875
vt 0.234375 0.546875
vt 0.21875 0.546875
vt 0.21875 0.578125
vt 0.234375 0.578125
vt 0.265625 0.578125
vt 0.25 0.578125
vt 0.25 0.546875
vt 0.265625 0.546875
vn -0.9755277845967485 0.21982127189512093 -0.004914254996546868
vn 0.0034065334702480907 -0.007237378411097792 -0.9999680074299631
vn 0.9755277845967485 -0.21982127189512093 0.004914254996546868
vn -0.0034065334702480907 0.007237378411097792 0.9999680074299631
vn 0.21984980557070274 0.9755133155299041 -0.006311435207483241
vn -0.21984980557070274 -0.9755133155299041 0.006311435207483241
usemtl m_0
f 100/292/73 103/291/73 101/290/73 98/289/73
f 99/296/74 100/295/74 98/294/74 97/293/74
f 104/300/75 99/299/75 97/298/75 102/297/75
f 103/304/76 104/303/76 102/302/76 101/301/76
f 102/308/77 97/307/77 98/306/77 101/305/77
f 103/312/78 100/311/78 99/310/78 104/309/78
o cube
v 0.6547362908012109 0.5228491930699364 0.49382630878836664
v 0.517552696092293 0.5537615594301878 0.49313524167947725
v 0.6238199118928308 0.3856676330735437 0.49471385436441906
v 0.486636317183913 0.4165799994337951 0.4940227872555296
v 0.5175127757781885 0.5538463724584428 0.5048536167665472
v 0.6546963704871064 0.5229340060981915 0.5055446838754365
v 0.4865963968698085 0.4166648124620501 0.5057411623425995
v 0.6237799915787263 0.3857524461017987 0.5064322294514889
vt 0.28125 0.578125
vt 0.296875 0.578125
vt 0.296875 0.546875
vt 0.28125 0.546875
vt 0.046875 0.8125
vt 0.078125 0.8125
vt 0.078125 0.78125
vt 0.046875 0.78125
vt 0.3125 0.578125
vt 0.328125 0.578125
vt 0.328125 0.546875
vt 0.3125 0.546875
vt 0.1875 0.953125
vt 0.21875 0.953125
vt 0.21875 0.921875
vt 0.1875 0.921875
vt 0.359375 0.546875
vt 0.34375 0.546875
vt 0.34375 0.578125
vt 0.359375 0.578125
vt 0.421875 0.578125
vt 0.40625 0.578125
vt 0.40625 0.546875
vt 0.421875 0.546875
vn -0.9755277845967485 0.21982127189512093 -0.004914254996546868
vn 0.0034065334702480907 -0.007237378411097792 -0.9999680074299631
vn 0.9755277845967485 -0.21982127189512093 0.004914254996546868
vn -0.0034065334702480907 0.007237378411097792 0.9999680074299631
vn 0.21984980557070274 0.9755133155299041 -0.006311435207483241
vn -0.21984980557070274 -0.9755133155299041 0.006311435207483241
usemtl m_0
f 108/316/79 111/315/79 109/314/79 106/313/79
f 107/320/80 108/319/80 106/318/80 105/317/80
f 112/324/81 107/323/81 105/322/81 110/321/81
f 111/328/82 112/327/82 110/326/82 109/325/82
f 110/332/83 105/331/83 106/330/83 109/329/83
f 111/336/84 108/335/84 107/334/84 112/333/84
o cube
v 0.6827529530707604 0.5405607253426267 0.4937935623771728
v 0.5455693583618426 0.5714730917028781 0.4931024952682834
v 0.6518365741623804 0.40337916534623386 0.4946811079532252
v 0.5146529794534626 0.43429153170648527 0.4939900408443358
v 0.5455294380477381 0.5715579047311331 0.5048208703553533
v 0.682713032756656 0.5406455383708817 0.5055119374642427
v 0.5146130591393581 0.4343763447347403 0.5057084159314056
v 0.6517966538482759 0.4034639783744889 0.506399483040295
vt 0.4375 1
vt 0.453125 1
vt 0.453125 0.96875
vt 0.4375 0.96875
vt 0.09375 0.8125
vt 0.125 0.8125
vt 0.125 0.78125
vt 0.09375 0.78125
vt 0.4375 0.953125
vt 0.453125 0.953125
vt 0.453125 0.921875
vt 0.4375 0.921875
vt 0.1875 0.90625
vt 0.21875 0.90625
vt 0.21875 0.875
vt 0.1875 0.875
vt 0.453125 0.875
vt 0.4375 0.875
vt 0.4375 0.90625
vt 0.453125 0.90625
vt 0.453125 0.859375
vt 0.4375 0.859375
vt 0.4375 0.828125
vt 0.453125 0.828125
vn -0.9755277845967485 0.21982127189512093 -0.004914254996546868
vn 0.0034065334702480907 -0.007237378411097792 -0.9999680074299631
vn 0.9755277845967485 -0.21982127189512093 0.004914254996546868
vn -0.0034065334702480907 0.007237378411097792 0.9999680074299631
vn 0.21984980557070274 0.9755133155299041 -0.006311435207483241
vn -0.21984980557070274 -0.9755133155299041 0.006311435207483241
usemtl m_0
f 116/340/85 119/339/85 117/338/85 114/337/85
f 115/344/86 116/343/86 114/342/86 113/341/86
f 120/348/87 115/347/87 113/346/87 118/345/87
f 119/352/88 120/351/88 118/350/88 117/349/88
f 118/356/89 113/355/89 114/354/89 117/353/89
f 119/360/90 116/359/90 115/358/90 120/357/90
o cube
v 0.7107696153403101 0.5582722576153168 0.493760815965979
v 0.5735860206313924 0.5891846239755683 0.4930697488570896
v 0.6798532364319301 0.42109069761892415 0.49464836154203135
v 0.5426696417230124 0.4520030639791755 0.49395729443314196
v 0.5735461003172879 0.5892694370038233 0.5047881239441594
v 0.7107296950262056 0.5583570706435719 0.5054791910530488
v 0.5426297214089079 0.4520878770074305 0.5056756695202118
v 0.6798133161178256 0.4211755106471792 0.5063667366291011
vt 0.4375 0.8125
vt 0.453125 0.8125
vt 0.453125 0.78125
vt 0.4375 0.78125
vt 0.140625 0.8125
vt 0.171875 0.8125
vt 0.171875 0.78125
vt 0.140625 0.78125
vt 0.4375 0.765625
vt 0.453125 0.765625
vt 0.453125 0.734375
vt 0.4375 0.734375
vt 0.1875 0.859375
vt 0.21875 0.859375
vt 0.21875 0.828125
vt 0.1875 0.828125
vt 0.453125 0.6875
vt 0.4375 0.6875
vt 0.4375 0.71875
vt 0.453125 0.71875
vt 0.453125 0.671875
vt 0.4375 0.671875
vt 0.4375 0.640625
vt 0.453125 0.640625
vn -0.9755277845967485 0.21982127189512093 -0.004914254996546868
vn 0.0034065334702480907 -0.007237378411097792 -0.9999680074299631
vn 0.9755277845967485 -0.21982127189512093 0.004914254996546868
vn -0.0034065334702480907 0.007237378411097792 0.9999680074299631
vn 0.21984980557070274 0.9755133155299041 -0.006311435207483241
vn -0.21984980557070274 -0.9755133155299041 0.006311435207483241
usemtl m_0
f 124/364/91 127/363/91 125/362/91 122/361/91
f 123/368/92 124/367/92 122/366/92 121/365/92
f 128/372/93 123/371/93 121/370/93 126/369/93
f 127/376/94 128/375/94 126/374/94 125/373/94
f 126/380/95 121/379/95 122/378/95 125/377/95
f 127/384/96 124/383/96 123/382/96 128/381/96
o cube
v 0.7387862776098598 0.5759837898880071 0.4937280695547852
v 0.6016026829009421 0.6068961562482584 0.4930370024458958
v 0.7078698987014796 0.4388022298916144 0.4946156151308375
v 0.5706863039925619 0.46971459625186573 0.49392454802194813
v 0.6015627625868376 0.6069809692765135 0.5047553775329656
v 0.7387463572957553 0.5760686029162622 0.5054464446418551
v 0.5706463836784575 0.46979940928012076 0.505642923109018
v 0.7078299783873753 0.43888704291986946 0.5063339902179074
vt 0.375 0.5625
vt 0.390625 0.5625
vt 0.390625 0.53125
vt 0.375 0.53125
vt 0.1875 0.8125
vt 0.21875 0.8125
vt 0.21875 0.78125
vt 0.1875 0.78125
vt 0.4375 0.625
vt 0.453125 0.625
vt 0.453125 0.59375
vt 0.4375 0.59375
vt 0 0.765625
vt 0.03125 0.765625
vt 0.03125 0.734375
vt 0 0.734375
vt 0.453125 0.546875
vt 0.4375 0.546875
vt 0.4375 0.578125
vt 0.453125 0.578125
vt 0.015625 0.546875
vt 0 0.546875
vt 0 0.515625
vt 0.015625 0.515625
vn -0.9755277845967485 0.21982127189512093 -0.004914254996546868
vn 0.0034065334702480907 -0.007237378411097792 -0.9999680074299631
vn 0.9755277845967485 -0.21982127189512093 0.004914254996546868
vn -0.0034065334702480907 0.007237378411097792 0.9999680074299631
vn 0.21984980557070274 0.9755133155299041 -0.006311435207483241
vn -0.21984980557070274 -0.9755133155299041 0.006311435207483241
usemtl m_0
f 132/388/97 135/387/97 133/386/97 130/385/97
f 131/392/98 132/391/98 130/390/98 129/389/98
f 136/396/99 131/395/99 129/394/99 134/393/99
f 135/400/100 136/399/100 134/398/100 133/397/100
f 134/404/101 129/403/101 130/402/101 133/401/101
f 135/408/102 132/407/102 131/406/102 136/405/102
o cube
v 0.7668029398794094 0.5936953221606973 0.4936953231435914
v 0.6296193451704917 0.6246076885209486 0.493004256034702
v 0.7358865609710292 0.4565137621643046 0.4945828687196437
v 0.5987029662621115 0.4874261285245559 0.4938918016107543
v 0.6295794248563872 0.6246925015492037 0.5047226311217718
v 0.7667630195653049 0.5937801351889523 0.5054136982306612
v 0.598663045948007 0.487510941552811 0.5056101766978242
v 0.7358466406569247 0.45659857519255964 0.5063012438067136
vt 0.03125 0.546875
vt 0.046875 0.546875
vt 0.046875 0.515625
vt 0.03125 0.515625
vt 0.234375 1
vt 0.265625 1
vt 0.265625 0.96875
vt 0.234375 0.96875
vt 0.0625 0.546875
vt 0.078125 0.546875
vt 0.078125 0.515625
vt 0.0625 0.515625
vt 0.046875 0.765625
vt 0.078125 0.765625
vt 0.078125 0.734375
vt 0.046875 0.734375
vt 0.109375 0.515625
vt 0.09375 0.515625
vt 0.09375 0.546875
vt 0.109375 0.546875
vt 0.140625 0.546875
vt 0.125 0.546875
vt 0.125 0.515625
vt 0.140625 0.515625
vn -0.9755277845967485 0.21982127189512093 -0.004914254996546868
vn 0.0034065334702480907 -0.007237378411097792 -0.9999680074299631
vn 0.9755277845967485 -0.21982127189512093 0.004914254996546868
vn -0.0034065334702480907 0.007237378411097792 0.9999680074299631
vn 0.21984980557070274 0.9755133155299041 -0.006311435207483241
vn -0.21984980557070274 -0.9755133155299041 0.006311435207483241
usemtl m_0
f 140/412/103 143/411/103 141/410/103 138/409/103
f 139/416/104 140/415/104 138/414/104 137/413/104
f 144/420/105 139/419/105 137/418/105 142/417/105
f 143/424/106 144/423/106 142/422/106 141/421/106
f 142/428/107 137/427/107 138/426/107 141/425/107
f 143/432/108 140/431/108 139/430/108 144/429/108
o cube
v 0.794819602148959 0.6114068544333875 0.49366257673239755
v 0.6576360074400412 0.6423192207936389 0.49297150962350816
v 0.7639032232405789 0.47422529443699485 0.4945501223084499
v 0.6267196285316612 0.5051376607972462 0.4938590551995605
v 0.6575960871259369 0.6424040338218939 0.5046898847105781
v 0.7947796818348546 0.6114916674616426 0.5053809518194674
v 0.6266797082175567 0.5052224738255012 0.5055774302866304
v 0.7638633029264744 0.47431010746524993 0.5062684973955198
vt 0.15625 0.546875
vt 0.171875 0.546875
vt 0.171875 0.515625
vt 0.15625 0.515625
vt 0.234375 0.953125
vt 0.265625 0.953125
vt 0.265625 0.921875
vt 0.234375 0.921875
vt 0.46875 1
vt 0.484375 1
vt 0.484375 0.96875
vt 0.46875 0.96875
vt 0.09375 0.765625
vt 0.125 0.765625
vt 0.125 0.734375
vt 0.09375 0.734375
vt 0.484375 0.921875
vt 0.46875 0.921875
vt 0.46875 0.953125
vt 0.484375 0.953125
vt 0.484375 0.90625
vt 0.46875 0.90625
vt 0.46875 0.875
vt 0.484375 0.875
vn -0.9755277845967485 0.21982127189512093 -0.004914254996546868
vn 0.0034065334702480907 -0.007237378411097792 -0.9999680074299631
vn 0.9755277845967485 -0.21982127189512093 0.004914254996546868
vn -0.0034065334702480907 0.007237378411097792 0.9999680074299631
vn 0.21984980557070274 0.9755133155299041 -0.006311435207483241
vn -0.21984980557070274 -0.9755133155299041 0.006311435207483241
usemtl m_0
f 148/436/109 151/435/109 149/434/109 146/433/109
f 147/440/110 148/439/110 146/438/110 145/437/110
f 152/444/111 147/443/111 145/442/111 150/441/111
f 151/448/112 152/447/112 150/446/112 149/445/112
f 150/452/113 145/451/113 146/450/113 149/449/113
f 151/456/114 148/455/114 147/454/114 152/453/114
o cube
v 0.8228362644185087 0.6291183867060778 0.49362983032120367
v 0.6856526697095909 0.6600307530663292 0.49293876321231433
v 0.7919198855101286 0.4919368267096851 0.4945173758972561
v 0.6547362908012109 0.5228491930699364 0.49382630878836664
v 0.6856127493954866 0.6601155660945842 0.5046571382993842
v 0.8227963441044043 0.6292031997343328 0.5053482054082735
v 0.6546963704871064 0.5229340060981915 0.5055446838754365
v 0.7918799651960241 0.4920216397379401 0.5062357509843259
vt 0.46875 0.859375
vt 0.484375 0.859375
vt 0.484375 0.828125
vt 0.46875 0.828125
vt 0.234375 0.90625
vt 0.265625 0.90625
vt 0.265625 0.875
vt 0.234375 0.875
vt 0.1875 0.53125
vt 0.203125 0.53125
vt 0.203125 0.5
vt 0.1875 0.5
vt 0.140625 0.765625
vt 0.171875 0.765625
vt 0.171875 0.734375
vt 0.140625 0.734375
vt 0.484375 0.78125
vt 0.46875 0.78125
vt 0.46875 0.8125
vt 0.484375 0.8125
vt 0.234375 0.53125
vt 0.21875 0.53125
vt 0.21875 0.5
vt 0.234375 0.5
vn -0.9755277845967485 0.21982127189512093 -0.004914254996546868
vn 0.0034065334702480907 -0.007237378411097792 -0.9999680074299631
vn 0.9755277845967485 -0.21982127189512093 0.004914254996546868
vn -0.0034065334702480907 0.007237378411097792 0.9999680074299631
vn 0.21984980557070274 0.9755133155299041 -0.006311435207483241
vn -0.21984980557070274 -0.9755133155299041 0.006311435207483241
usemtl m_0
f 156/460/115 159/459/115 157/458/115 154/457/115
f 155/464/116 156/463/116 154/462/116 153/461/116
f 160/468/117 155/467/117 153/466/117 158/465/117
f 159/472/118 160/471/118 158/470/118 157/469/118
f 158/476/119 153/475/119 154/474/119 157/473/119
f 159/480/120 156/479/120 155/478/120 160/477/120
o cube
v 0.8508529266880583 0.646829918978768 0.49359708391000984
v 0.7136693319791405 0.6777422853390194 0.49290601680112045
v 0.8199365477796783 0.5096483589823753 0.4944846294860622
v 0.6827529530707604 0.5405607253426267 0.4937935623771728
v 0.713629411665036 0.6778270983672744 0.5046243918881903
v 0.8508130063739539 0.646914732007023 0.5053154589970796
v 0.682713032756656 0.5406455383708817 0.5055119374642427
v 0.8198966274655738 0.5097331720106304 0.506203004573132
vt 0.46875 0.765625
vt 0.484375 0.765625
vt 0.484375 0.734375
vt 0.46875 0.734375
vt 0.234375 0.859375
vt 0.265625 0.859375
vt 0.265625 0.828125
vt 0.234375 0.828125
vt 0.25 0.53125
vt 0.265625 0.53125
vt 0.265625 0.5
vt 0.25 0.5
vt 0.1875 0.765625
vt 0.21875 0.765625
vt 0.21875 0.734375
vt 0.1875 0.734375
vt 0.296875 0.5
vt 0.28125 0.5
vt 0.28125 0.53125
vt 0.296875 0.53125
vt 0.484375 0.71875
vt 0.46875 0.71875
vt 0.46875 0.6875
vt 0.484375 0.6875
vn -0.9755277845967485 0.21982127189512093 -0.004914254996546868
vn 0.0034065334702480907 -0.007237378411097792 -0.9999680074299631
vn 0.9755277845967485 -0.21982127189512093 0.004914254996546868
vn -0.0034065334702480907 0.007237378411097792 0.9999680074299631
vn 0.21984980557070274 0.9755133155299041 -0.006311435207483241
vn -0.21984980557070274 -0.9755133155299041 0.006311435207483241
usemtl m_0
f 164/484/121 167/483/121 165/482/121 162/481/121
f 163/488/122 164/487/122 162/486/122 161/485/122
f 168/492/123 163/491/123 161/490/123 166/489/123
f 167/496/124 168/495/124 166/494/124 165/493/124
f 166/500/125 161/499/125 162/498/125 165/497/125
f 167/504/126 164/503/126 163/502/126 168/501/126
o cube
v 0.8788695889576079 0.6645414512514582 0.49356433749881606
v 0.7416859942486902 0.6954538176117095 0.4928732703899267
v 0.8479532100492279 0.5273598912550654 0.49445188307486837
v 0.7107696153403101 0.5582722576153168 0.493760815965979
v 0.7416460739345857 0.6955386306399647 0.5045916454769965
v 0.8788296686435034 0.6646262642797133 0.5052827125858859
v 0.7107296950262056 0.5583570706435719 0.5054791910530488
v 0.8479132897351234 0.5274447042833206 0.5061702581619383
vt 0.3125 0.53125
vt 0.328125 0.53125
vt 0.328125 0.5
vt 0.3125 0.5
vt 0.234375 0.8125
vt 0.265625 0.8125
vt 0.265625 0.78125
vt 0.234375 0.78125
vt 0.46875 0.671875
vt 0.484375 0.671875
vt 0.484375 0.640625
vt 0.46875 0.640625
vt 0.234375 0.765625
vt 0.265625 0.765625
vt 0.265625 0.734375
vt 0.234375 0.734375
vt 0.359375 0.5
vt 0.34375 0.5
vt 0.34375 0.53125
vt 0.359375 0.53125
vt 0.484375 0.625
vt 0.46875 0.625
vt 0.46875 0.59375
vt 0.484375 0.59375
vn -0.9755277845967485 0.21982127189512093 -0.004914254996546868
vn 0.0034065334702480907 -0.007237378411097792 -0.9999680074299631
vn 0.9755277845967485 -0.21982127189512093 0.004914254996546868
vn -0.0034065334702480907 0.007237378411097792 0.9999680074299631
vn 0.21984980557070274 0.9755133155299041 -0.006311435207483241
vn -0.21984980557070274 -0.9755133155299041 0.006311435207483241
usemtl m_0
f 172/508/127 175/507/127 173/506/127 170/505/127
f 171/512/128 172/511/128 170/510/128 169/509/128
f 176/516/129 171/515/129 169/514/129 174/513/129
f 175/520/130 176/519/130 174/518/130 173/517/130
f 174/524/131 169/523/131 170/522/131 173/521/131
f 175/528/132 172/527/132 171/526/132 176/525/132
o cube
v 0.9068862512271576 0.6822529835241484 0.49353159108762223
v 0.7697026565182399 0.7131653498843998 0.49284052397873285
v 0.8759698723187775 0.5450714235277557 0.4944191366636746
v 0.7387862776098598 0.5759837898880071 0.4937280695547852
v 0.7696627362041354 0.7132501629126549 0.5045588990658028
v 0.9068463309130531 0.6823377965524036 0.5052499661746921
v 0.7387463572957553 0.5760686029162622 0.5054464446418551
v 0.875929952004673 0.5451562365560108 0.5061375117507445
vt 0.40625 0.53125
vt 0.421875 0.53125
vt 0.421875 0.5
vt 0.40625 0.5
vt 0 0.71875
vt 0.03125 0.71875
vt 0.03125 0.6875
vt 0 0.6875
vt 0.46875 0.578125
vt 0.484375 0.578125
vt 0.484375 0.546875
vt 0.46875 0.546875
vt 0.28125 1
vt 0.3125 1
vt 0.3125 0.96875
vt 0.28125 0.96875
vt 0.453125 0.5
vt 0.4375 0.5
vt 0.4375 0.53125
vt 0.453125 0.53125
vt 0.484375 0.53125
vt 0.46875 0.53125
vt 0.46875 0.5
vt 0.484375 0.5
vn -0.9755277845967485 0.21982127189512093 -0.004914254996546868
vn 0.0034065334702480907 -0.007237378411097792 -0.9999680074299631
vn 0.9755277845967485 -0.21982127189512093 0.004914254996546868
vn -0.0034065334702480907 0.007237378411097792 0.9999680074299631
vn 0.21984980557070274 0.9755133155299041 -0.006311435207483241
vn -0.21984980557070274 -0.9755133155299041 0.006311435207483241
usemtl m_0
f 180/532/133 183/531/133 181/530/133 178/529/133
f 179/536/134 180/535/134 178/534/134 177/533/134
f 184/540/135 179/539/135 177/538/135 182/537/135
f 183/544/136 184/543/136 182/542/136 181/541/136
f 182/548/137 177/547/137 178/546/137 181/545/137
f 183/552/138 180/551/138 179/550/138 184/549/138
o cube
v 0.9349029134967073 0.6999645157968386 0.4934988446764284
v 0.7977193187877895 0.73087688215709 0.492807777567539
v 0.9039865345883272 0.562782955800446 0.49438639025248077
v 0.7668029398794094 0.5936953221606973 0.4936953231435914
v 0.797679398473685 0.730961695185345 0.5045261526546089
v 0.9348629931826028 0.7000493288250937 0.5052172197634983
v 0.7667630195653049 0.5937801351889523 0.5054136982306612
v 0.9039466142742227 0.5628677688287009 0.5061047653395506
vt 0.375 0.515625
vt 0.390625 0.515625
vt 0.390625 0.484375
vt 0.375 0.484375
vt 0.046875 0.71875
vt 0.078125 0.71875
vt 0.078125 0.6875
vt 0.046875 0.6875
vt 0 0.5
vt 0.015625 0.5
vt 0.015625 0.46875
vt 0 0.46875
vt 0.28125 0.953125
vt 0.3125 0.953125
vt 0.3125 0.921875
vt 0.28125 0.921875
vt 0.515625 0.96875
vt 0.5 0.96875
vt 0.5 1
vt 0.515625 1
vt 0.046875 0.5
vt 0.03125 0.5
vt 0.03125 0.46875
vt 0.046875 0.46875
vn -0.9755277845967485 0.21982127189512093 -0.004914254996546868
vn 0.0034065334702480907 -0.007237378411097792 -0.9999680074299631
vn 0.9755277845967485 -0.21982127189512093 0.004914254996546868
vn -0.0034065334702480907 0.007237378411097792 0.9999680074299631
vn 0.21984980557070274 0.9755133155299041 -0.006311435207483241
vn -0.21984980557070274 -0.9755133155299041 0.006311435207483241
usemtl m_0
f 188/556/139 191/555/139 189/554/139 186/553/139
f 187/560/140 188/559/140 186/558/140 185/557/140
f 192/564/141 187/563/141 185/562/141 190/561/141
f 191/568/142 192/567/142 190/566/142 189/565/142
f 190/572/143 185/571/143 186/570/143 189/569/143
f 191/576/144 188/575/144 187/574/144 192/573/144
o cube
v 0.9629195757662569 0.7176760480695289 0.4934660982652346
v 0.8257359810573391 0.7485884144297803 0.4927750311563452
v 0.9320031968578767 0.5804944880731362 0.49435364384128694
v 0.794819602148959 0.6114068544333875 0.49366257673239755
v 0.8256960607432346 0.7486732274580353 0.504493406243415
v 0.9628796554521524 0.7177608610977839 0.5051844733523044
v 0.7947796818348546 0.6114916674616426 0.5053809518194674
v 0.9319632765437723 0.5805793011013912 0.5060720189283567
vt 0.5 0.953125
vt 0.515625 0.953125
vt 0.515625 0.921875
vt 0.5 0.921875
vt 0.09375 0.71875
vt 0.125 0.71875
vt 0.125 0.6875
vt 0.09375 0.6875
vt 0.0625 0.5
vt 0.078125 0.5
vt 0.078125 0.46875
vt 0.0625 0.46875
vt 0.28125 0.90625
vt 0.3125 0.90625
vt 0.3125 0.875
vt 0.28125 0.875
vt 0.109375 0.46875
vt 0.09375 0.46875
vt 0.09375 0.5
vt 0.109375 0.5
vt 0.515625 0.90625
vt 0.5 0.90625
vt 0.5 0.875
vt 0.515625 0.875
vn -0.9755277845967485 0.21982127189512093 -0.004914254996546868
vn 0.0034065334702480907 -0.007237378411097792 -0.9999680074299631
vn 0.9755277845967485 -0.21982127189512093 0.004914254996546868
vn -0.0034065334702480907 0.007237378411097792 0.9999680074299631
vn 0.21984980557070274 0.9755133155299041 -0.006311435207483241
vn -0.21984980557070274 -0.9755133155299041 0.006311435207483241
usemtl m_0
f 196/580/145 199/579/145 197/578/145 194/577/145
f 195/584/146 196/583/146 194/582/146 193/581/146
f 200/588/147 195/587/147 193/586/147 198/585/147
